1 0.580058 0.469147 0.149819 0.117211
1 0.540443 0.192659 0.0708877 0.101511
1 0.30249 0.510337 0.0640575 0.119391
1 0.30698 0.241566 0.0606944 0.0905941
1 0.166569 0.687752 0.0607707 0.109926
1 0.159655 0.0554082 0.0719819 0.110816
1 0.292988 0.862741 0.0694942 0.130333
1 0.183373 0.320538 0.0587449 0.250753
1 0.0140936 0.300319 0.0271926 0.0799603
0 0.977996 0.832153 0.0433606 0.158554
1 0.592292 0.893896 0.165557 0.211912
1 0.860495 0.851749 0.0252862 0.110242
1 0.797294 0.857878 0.0210398 0.136259
1 0.153269 0.941999 0.0656142 0.114625
