1 0.283927 0.626454 0.0501584 0.112626
1 0.91734 0.443946 0.0780223 0.147021
1 0.144754 0.659766 0.0357863 0.132535
1 0.910007 0.154338 0.0635378 0.10005
1 0.921028 0.773272 0.0868573 0.159333
1 0.612889 0.490045 0.0316207 0.138019
0 0.275941 0.937533 0.0524234 0.0815387
1 0.0182164 0.81568 0.0362968 0.134418
1 0.744761 0.445972 0.0318744 0.088803
1 0.610032 0.789901 0.0368745 0.144167
1 0.276194 0.911668 0.0565688 0.137288
1 0.618923 0.223822 0.033717 0.100907
1 0.0173598 0.833924 0.0347197 0.0957721
1 0.134789 0.928519 0.035656 0.139373
1 0.405882 0.622063 0.0357062 0.131938
