1 0.934006 0.679181 0.0625107 0.0777063
1 0.675416 0.678103 0.0556521 0.0801212
1 0.896743 0.512112 0.0527796 0.0568689
1 0.962766 0.382831 0.0579979 0.0703605
1 0.985033 0.522234 0.0299341 0.0627443
1 0.0836629 0.163957 0.130993 0.102248
1 0.736661 0.679848 0.0366205 0.0770631
1 0.0533867 0.368729 0.106513 0.14111
1 0.474401 0.903034 0.0590259 0.0410774
1 0.319059 0.687802 0.0706583 0.0616251
1 0.0299025 0.660524 0.0596272 0.145442
1 0.222543 0.931604 0.080028 0.0482838
1 0.46695 0.464428 0.0389339 0.0211175
1 0.715464 0.486859 0.0302868 0.0140634
1 0.363084 0.442739 0.107879 0.0356099
1 0.713998 0.49132 0.0338376 0.0213201
1 0.470296 0.684998 0.0443017 0.0996298
