1 0.438512 0.649775 0.0828702 0.0912559
1 0.164219 0.213525 0.104733 0.0778136
1 0.282778 0.657494 0.0611732 0.0865058
1 0.0586287 0.650891 0.117004 0.0942585
1 0.423706 0.895559 0.0631211 0.0380095
1 0.207119 0.902849 0.0718052 0.0388397
1 0.908322 0.26963 0.0823056 0.0692091
1 0.109979 0.433996 0.0956469 0.0246461
1 0.953194 0.453892 0.0835294 0.0506634
1 0.738444 0.44123 0.0355628 0.0265292
1 0.76416 0.651206 0.04746 0.0833583
1 0.976694 0.655592 0.0464645 0.11725
1 0.116437 0.398727 0.118232 0.0916351
1 0.614015 0.887112 0.0160545 0.0279837
1 0.952263 0.436026 0.0906181 0.0851465
