1 0.352543 0.27823 0.0646854 0.101245
1 0.348211 0.492185 0.0682138 0.100287
0 0.734699 0.731179 0.0599516 0.124309
1 0.622018 0.463268 0.0828778 0.107823
1 0.622649 0.725733 0.0886714 0.105077
1 0.85353 0.723362 0.110839 0.121228
0 0.196478 0.729751 0.0618026 0.0710577
1 0.845882 0.428947 0.106169 0.103579
1 0.014155 0.422387 0.0281812 0.0816071
1 0.0852783 0.890993 0.0359994 0.0422488
1 0.347072 0.725104 0.069218 0.0893127
1 0.00956768 0.611901 0.0188291 0.0846094
0 0.200374 0.503259 0.0641178 0.078131
1 0.345435 0.91843 0.0396336 0.0606839
0 0.727582 0.450487 0.053537 0.0931276
1 0.199334 0.502887 0.0625701 0.0766193
1 0.599086 0.233504 0.0568648 0.10024
1 0.0963881 0.713227 0.0294866 0.0571224
0 0.272925 0.500168 0.0358158 0.0829715
0 0.102967 0.511442 0.0287457 0.051672
1 0.727566 0.450632 0.0546953 0.0929652
1 0.272825 0.500083 0.0358143 0.0831759
