1 0.657705 0.638985 0.0810283 0.129387
1 0.361937 0.614831 0.094201 0.13838
1 0.830584 0.640918 0.0731681 0.0918938
1 0.65445 0.372451 0.0782981 0.120391
1 0.351021 0.933795 0.0942541 0.132306
1 0.116242 0.931858 0.110221 0.136254
1 0.371905 0.325985 0.0898923 0.126501
1 0.974413 0.526419 0.0508857 0.130008
1 0.272815 0.272799 0.0626555 0.0922991
0 0.242184 0.93291 0.0643761 0.134115
1 0.0176452 0.263679 0.0348517 0.0979229
1 0.982172 0.788471 0.035656 0.121025
1 0.820258 0.364825 0.0667923 0.0534865
1 0.261782 0.586446 0.0593766 0.0990128
1 0.664616 0.944428 0.0860472 0.109549
0 0.238001 0.586451 0.0222489 0.0923746
