1 0.323326 0.195741 0.0655309 0.0780806
1 0.321367 0.393674 0.0672977 0.0860869
1 0.562419 0.382416 0.0796277 0.0998128
1 0.769327 0.63392 0.0905038 0.118889
1 0.579009 0.635071 0.0910004 0.121674
1 0.592014 0.863786 0.0586923 0.0598553
1 0.317589 0.635753 0.074302 0.115199
1 0.54746 0.180052 0.0737235 0.082534
1 0.0365581 0.637513 0.0463412 0.0798508
1 0.063559 0.405535 0.0330162 0.0637492
1 0.310616 0.870932 0.0468215 0.0871033
1 0.129376 0.858174 0.046698 0.0440249
1 0.74151 0.17503 0.204324 0.111561
1 0.937326 0.494102 0.0931928 0.125929
1 0.149802 0.647051 0.0732768 0.0893188
1 0.726431 0.353489 0.0770682 0.0551032
1 0.0803741 0.211595 0.0306396 0.0582371
1 0.0131585 0.851653 0.0259868 0.0596005
1 0.632499 0.357112 0.0265876 0.0527141
0 0.226594 0.656942 0.0347398 0.0990901
1 0.170461 0.211514 0.195104 0.118966
1 0.887238 0.246593 0.074379 0.0885345
