1 0.836787 0.799647 0.112006 0.0631824
1 0.833106 0.648809 0.107601 0.0653241
1 0.824696 0.506014 0.104471 0.0619681
1 0.0704357 0.488906 0.140294 0.0820787
1 0.819188 0.368179 0.10326 0.0557137
1 0.843969 0.948813 0.12074 0.0688571
1 0.0659928 0.847775 0.128866 0.0588088
1 0.0668009 0.661741 0.133375 0.0809098
1 0.0753373 0.32297 0.135141 0.0742689
1 0.438521 0.633362 0.252106 0.0397521
1 0.440627 0.81251 0.25676 0.0484828
1 0.439679 0.459628 0.259724 0.0309364
1 0.0629673 0.991179 0.125935 0.0176419
1 0.0828174 0.192634 0.121301 0.0179114
1 0.066567 0.689489 0.121454 0.0248842
1 0.0834258 0.162778 0.131351 0.0720284
1 0.443795 0.991736 0.269391 0.0165274
1 0.378653 0.991866 0.128099 0.0162677
