1 0.682416 0.484046 0.0701519 0.151041
1 0.67927 0.199493 0.0667777 0.157702
1 0.232763 0.166811 0.0909157 0.116616
1 0.684495 0.790366 0.0701523 0.140746
1 0.217345 0.798134 0.0993745 0.142147
1 0.222836 0.478208 0.101761 0.137761
1 0.796977 0.777903 0.0539876 0.135609
1 0.965401 0.545861 0.0234333 0.0906106
1 0.970369 0.737201 0.029143 0.0965185
1 0.964793 0.363483 0.0221509 0.095412
1 0.866171 0.755725 0.020829 0.112593
1 0.907267 0.75245 0.0175124 0.110083
1 0.905932 0.774301 0.0139683 0.052572
0 0.793828 0.495253 0.0415726 0.0899695
1 0.905657 0.75937 0.0149954 0.0901544
0 0.861189 0.505739 0.0141565 0.0687105
1 0.828522 0.256067 0.131092 0.12028
