1 0.895915 0.686254 0.045979 0.07651
1 0.0343809 0.0542612 0.0687619 0.10843
1 0.884519 0.469664 0.0400925 0.0666482
1 0.79669 0.460598 0.0447417 0.0708201
1 0.0284515 0.360124 0.0569029 0.120908
1 0.652607 0.190902 0.0838328 0.0643891
1 0.0265115 0.69321 0.0527758 0.0836911
1 0.989414 0.572962 0.0211718 0.0880962
1 0.873431 0.254493 0.043262 0.0653479
1 0.309237 0.106936 0.149451 0.0987089
1 0.325195 0.706208 0.110211 0.113621
1 0.807315 0.687698 0.0466248 0.0812732
1 0.984129 0.377574 0.0298923 0.0978791
1 0.676003 0.448505 0.0442635 0.0845073
