1 0.441843 0.521531 0.0615647 0.0911701
1 0.59599 0.738091 0.0741359 0.103949
1 0.445356 0.744799 0.0695163 0.107625
1 0.615222 0.973816 0.0841797 0.0523313
1 0.565837 0.310977 0.0653059 0.0822695
1 0.580902 0.51052 0.0703478 0.0943243
1 0.451657 0.972663 0.0779286 0.0545936
1 0.753666 0.735802 0.156538 0.1153
1 0.438825 0.323499 0.0505824 0.0762243
1 0.2872 0.34716 0.0628783 0.0924307
1 0.307627 0.546005 0.120014 0.128081
0 0.791492 0.971988 0.168018 0.0560234
0 0.264533 0.978613 0.0783595 0.0427408
