1 0.562293 0.599908 0.13948 0.127477
1 0.963716 0.415186 0.041858 0.112261
1 0.976065 0.676868 0.0466327 0.106542
0 0.297593 0.676477 0.0452538 0.125559
1 0.296178 0.823746 0.0525362 0.0756789
1 0.391907 0.683551 0.0410604 0.124077
1 0.391775 0.827936 0.0483576 0.0725501
1 0.839335 0.445319 0.0289601 0.0367699
1 0.847552 0.68663 0.034726 0.0854849
1 0.0925815 0.881604 0.0561446 0.0705516
1 0.597172 0.304845 0.12643 0.163563
0 0.0680313 0.920081 0.129492 0.159791
1 0.0259476 0.88678 0.0498017 0.0493271
1 0.507943 0.824655 0.0157156 0.0703452
0 0.614471 0.802438 0.0294096 0.080365
0 0.0911929 0.921938 0.0778797 0.156124
0 0.39173 0.683804 0.0411066 0.123817
1 0.303533 0.982266 0.0478652 0.0350223
1 0.388018 0.980587 0.0498985 0.0303164
1 0.298713 0.676561 0.0455342 0.124722
