1 0.235707 0.679975 0.0396306 0.0571646
1 0.0646076 0.59767 0.0389647 0.0577344
1 0.248849 0.494899 0.034628 0.0498519
1 0.0832751 0.443159 0.0378226 0.0504259
1 0.943768 0.789692 0.0312573 0.0333884
1 0.937818 0.70281 0.0301263 0.0338948
1 0.256851 0.391051 0.0326725 0.0181342
1 0.551168 0.543902 0.0632434 0.0402745
1 0.0163478 0.322843 0.0321557 0.0651685
1 0.801611 0.58401 0.0167148 0.0766667
1 0.359085 0.558732 0.0396095 0.0409879
1 0.79522 0.414953 0.0135653 0.0761309
1 0.863899 0.611185 0.0114792 0.0685003
1 0.808532 0.774294 0.0154437 0.0833532
1 0.856843 0.46466 0.0109357 0.0622959
